    0  1  2   3  4  5  6  7
	3, 4, 5, 23, 5, 2, 2, 1

	prefixSum[0] = 0


	i           a[i]        a[i] + prefixSum[i-1]  =    prefixSum[i]
	
	0            3             3 + 0						3
	1            4             4 + 3                        7
	2            5             5 + 7                       12 
	3           23            23 + 12                      35 
	4            5             5 + 35                      40 
	5            2             2 + 40                      42
	6            2             2 + 42                      44 
	7            1             1 + 44                      45 
	
	